Player 0.597274 -2.08616e-07 -46.3311
Objective 45.8191 1 45.8191
Wall 35.4096 5 -40.3584 0 -0.707107 0 -0.707107
Wall 44.9659 5 -30.2901 0 0.707107 0 0.707107
Wall 40.3584 5 -25.5119 0 1 0 0
Wall 40.1877 5 -45.1365 0 0 0 -1
Wall 20.7338 5 -35.2389 0 1 0 0
Wall 30.802 5 -35.4096 0 1 0 0
Wall 20.7338 5 -44.9659 0 0 0 1
Wall 35.5802 5 -20.2218 0 0.707107 0 0.707107
Wall -9.12969 5 -35.7509 0 1 0 0
Wall 40.3584 5 -15.4437 0 1 0 0
Wall 25.6826 5 -20.2218 0 0.707107 0 0.707107
Wall 15.273 5 -30.6314 0 0.707107 0 -0.707107
Wall 21.0751 5 -15.4437 0 0 0 1
Wall 21.0751 5 -5.37543 0 1 0 0
Wall 35.9215 5 -10.6655 0 0.707107 0 0.707107
Wall 10.6655 5 -15.785 0 0 0 1
Wall 31.314 5 -5.71672 0 1 0 0
Wall -4.18089 5 -20.3925 0 0.707107 0 0.707107
Wall 44.9659 5 -0.597268 0 0.707107 0 0.707107
Wall 6.05802 5 -10.6655 0 0.707107 0 0.707107
Wall 5.71673 5 -40.1877 0 0.707107 0 0.707107
Wall 5.71673 5 -20.3925 0 0.707107 0 0.707107
Wall 16.1263 5 -0.42662 0 0.707107 0 0.707107
Wall 1.27986 5 -5.88737 0 0 0 1
Wall -44.4539 5 -40.3584 0 0.707107 0 0.707107
Wall -4.01024 5 -30.802 0 0.707107 0 0.707107
Wall 10.3242 5 -35.2389 0 0 0 1
Wall -9.12969 5 -44.9659 0 0 0 1
Wall -14.2491 5 -30.802 0 0.707107 0 0.707107
Wall -19.0273 5 -35.2389 0 0 0 1
Wall -29.4369 5 -44.7952 0 0 0 1
Wall -29.6075 5 -26.1945 0 0 0 1
Wall -40.1877 5 -15.4437 0 0 0 1
Wall -39.6758 5 -35.5802 0 0 0 1
Wall -34.3857 5 -30.9727 0 0.707107 0 0.707107
Wall -34.8976 5 -10.6655 0 0.707107 0 0.707107
Wall -8.95904 5 -15.6143 0 0 0 1
Wall -29.9488 5 -5.88737 0 1 0 0
Wall -25.1706 5 -20.9044 0 0.707107 0 0.707107
Wall -14.5904 5 8.78839 0 0.707107 0 0.707107
Wall -18.8567 5 3.66894 0 0 0 1
Wall -13.7372 5 -10.8362 0 0.707107 0 0.707107
Wall -40.1877 5 -6.05802 0 1 0 0
Wall -40.1877 5 3.66894 0 0 0 1
Wall -34.727 5 8.61775 0 0.707107 0 -0.707107
Wall -45.1365 5 17.8328 0 0.707107 0 0.707107
Wall -24.6587 5 8.61775 0 0.707107 0 0.707107
Wall 6.56997 5 28.5836 0 0.707107 0 0.707107
Wall 6.91126 5 8.78839 0 0.707107 0 0.707107
Wall -23.9761 5 18.5154 0 0.707107 0 0.707107
Wall -3.66894 5 -1.27986 0 0.707107 0 0.707107
Wall 16.1263 5 8.78839 0 0.707107 0 0.707107
Wall 26.0239 5 28.413 0 0.707107 0 0.707107
Wall 21.4164 5 23.2935 0 0 0 1
Wall 21.2457 5 13.5666 0 0 0 1
Wall 40.529 5 33.0205 0 0 0 1
Wall 45.1365 5 37.7986 0 0.707107 0 0.707107
Wall 35.9215 5 9.81229 0 0.707107 0 0.707107
Wall 6.56997 5 18.3447 0 0.707107 0 0.707107
Wall 31.314 5 14.9317 0 0 0 1
Wall 40.529 5 4.86348 0 0 0 1
Wall 45.1365 5 19.3686 0 0.707107 0 0.707107
Wall 11.8601 5 23.2935 0 0 0 1
Wall 35.5802 5 28.413 0 0.707107 0 0.707107
Wall -35.2389 5 39.1638 0 0.707107 0 0.707107
Wall -40.529 5 22.7816 0 0 0 1
Wall -29.2662 5 13.7372 0 0 0 1
Wall -39.6758 5 44.6246 0 0 0 1
Wall -24.6587 5 29.9488 0 0.707107 0 0.707107
Wall -14.0785 5 18.5154 0 0.707107 0 0.707107
Wall -8.95904 5 23.6348 0 1 0 0
Wall 25.1706 5 38.9932 0 0.707107 0 0.707107
Wall -14.0785 5 39.8464 0 0.707107 0 0.707107
Wall -4.18089 5 28.7543 0 0.707107 0 0.707107
Wall 0.767918 5 34.215 0 1 0 0
Wall 5.54607 5 39.5051 0 0.707107 0 -0.707107
Wall -29.6075 5 34.5563 0 0 0 1
Wall -19.198 5 44.7952 0 1 0 0
Wall 11.0068 5 44.6246 0 0 0 1
Wall 30.1195 5 44.7952 0 0 0 1
